7.604462862014770508e+00
1.458729267120361328e+01
2.218100166320800781e+01
2.938447761535644531e+01
3.668353724479675293e+01
4.418761444091796875e+01
5.142681574821472168e+01
5.965525555610656738e+01
6.642851662635803223e+01
7.274528598785400391e+01
8.041747164726257324e+01
8.735431385040283203e+01
9.505711531639099121e+01
1.015645742416381836e+02
1.083238675594329834e+02
1.161275255680084229e+02
1.239468643665313721e+02
1.308547520637512207e+02
1.381654319763183594e+02
1.450494887828826904e+02
1.526275658607482910e+02
1.602754473686218262e+02
1.672332825660705566e+02
1.735754213333129883e+02
1.818093297481536865e+02
1.888686914443969727e+02
1.961464822292327881e+02
2.032947921752929688e+02
2.108325800895690918e+02
2.181548507213592529e+02
2.252828106880187988e+02
2.311970911026000977e+02
2.356373980045318604e+02
2.437289886474609375e+02
2.507038507461547852e+02
2.609101064205169678e+02
2.645211374759674072e+02
2.717542862892150879e+02
2.799157862663269043e+02
2.865646104812622070e+02
2.935783300399780273e+02
3.006049044132232666e+02
3.075283906459808350e+02
3.180522809028625488e+02
3.242941253185272217e+02
3.284881322383880615e+02
3.364180452823638916e+02
3.425671212673187256e+02
3.499179723262786865e+02
3.563940649032592773e+02
