8.662284851074218750e+00
1.652782440185546875e+01
2.501975989341735840e+01
3.351484608650207520e+01
4.241395235061645508e+01
5.091188645362854004e+01
5.915965414047241211e+01
6.721390938758850098e+01
7.457894301414489746e+01
8.301290082931518555e+01
9.137024879455566406e+01
1.001970932483673096e+02
1.079128806591033936e+02
1.163993716239929199e+02
1.244373652935028076e+02
1.326757674217224121e+02
1.408624842166900635e+02
1.491273257732391357e+02
1.565336194038391113e+02
1.632863600254058838e+02
1.712191753387451172e+02
1.814024233818054199e+02
1.884191935062408447e+02
1.973665511608123779e+02
2.055221264362335205e+02
2.122756664752960205e+02
2.217258989810943604e+02
2.314998981952667236e+02
2.394183630943298340e+02
2.479499332904815674e+02
2.566354486942291260e+02
2.657549116611480713e+02
2.740024714469909668e+02
2.810453894138336182e+02
2.917331371307373047e+02
2.956413264274597168e+02
3.031519467830657959e+02
3.134395358562469482e+02
3.191294119358062744e+02
3.281882195472717285e+02
3.382494182586669922e+02
3.465885152816772461e+02
3.550030837059020996e+02
3.631024889945983887e+02
3.706636037826538086e+02
3.800518584251403809e+02
3.867561359405517578e+02
3.937290742397308350e+02
4.041007125377655029e+02
4.115497927665710449e+02
