7.079527139203720232e+00
5.192157075922649412e+00
4.271547951491722728e+00
3.704244058467381695e+00
3.317846779441532501e+00
3.029476975181162768e+00
2.804830158508748728e+00
2.621284328631439564e+00
2.471873431029952162e+00
2.344599432757784818e+00
2.236345204078321380e+00
2.139779854627643196e+00
2.056397309338813706e+00
1.979911529907292023e+00
1.913005935774625632e+00
1.851725787938883760e+00
1.795829973455075335e+00
1.744832912673147662e+00
1.698830035778120751e+00
1.445520649547448855e+00
1.614392538432906310e+00
1.577718431241431185e+00
1.542613081223591420e+00
1.510511316504364432e+00
1.479537549291772391e+00
1.451031359817805511e+00
7.395215561194443676e-01
1.397920652979905087e+00
1.373452612139795859e+00
1.350582792815952837e+00
1.328312204012131570e+00
1.307396513745348043e+00
1.287298580447209462e+00
1.267893243452675733e+00
1.249998856991138441e+00
1.231967017855227997e+00
1.347444558766237588e+00
1.198779577521101869e+00
1.183664223816448313e+00
1.168732170439556350e+00
1.154506646976022566e+00
1.140232519573502579e+00
1.127152240893694923e+00
1.113992701638503835e+00
1.101674402452536450e+00
1.089632046894909223e+00
1.077783807691556239e+00
1.066772642457668896e+00
1.055499753859552525e+00
1.044938907991605603e+00
