1.993642880960320163e+00
1.951035345115038400e+00
1.951035345115038400e+00
1.940383461153717848e+00
1.940383461153717848e+00
1.940383461153717848e+00
1.940383461153717848e+00
1.929731577192397518e+00
1.929731577192397518e+00
1.929731577192397518e+00
1.929731577192397518e+00
1.929731577192397518e+00
1.929731577192397518e+00
1.929731577192397518e+00
1.929731577192397518e+00
1.929731577192397518e+00
1.929731577192397518e+00
1.929731577192397518e+00
1.929731577192397518e+00
2.089509836612204463e+00
1.929731577192397518e+00
1.929731577192397518e+00
1.929731577192397518e+00
1.929731577192397518e+00
1.929731577192397518e+00
1.929731577192397518e+00
2.611452150716905951e+00
1.929731577192397518e+00
1.929731577192397518e+00
1.929731577192397518e+00
1.929731577192397518e+00
1.929731577192397518e+00
1.929731577192397518e+00
1.929731577192397518e+00
1.929731577192397518e+00
1.929731577192397518e+00
1.791257085695231899e+00
1.929731577192397518e+00
1.929731577192397518e+00
1.929731577192397518e+00
1.929731577192397518e+00
1.929731577192397518e+00
1.929731577192397518e+00
1.929731577192397518e+00
1.929731577192397518e+00
1.929731577192397518e+00
1.929731577192397518e+00
1.929731577192397518e+00
1.929731577192397518e+00
1.929731577192397518e+00
