6.856033692862805395e+00
5.083093172232490353e+00
4.070092609766325253e+00
3.563287867451448765e+00
3.406457079048539782e+00
3.011338851651941706e+00
3.006247976951968326e+00
2.548917483116664329e+00
2.274403622983865336e+00
1.213917872211666582e+00
2.320197825214933118e+00
2.763800561033435521e+00
1.807592032876999211e+00
2.233349882304798140e+00
1.785651860752604403e+00
2.495024652536021126e+00
1.548429585718251511e+00
1.082109068327706147e+00
8.434393503177554097e-01
1.964801096051742801e+00
1.844768598852252417e+00
1.818415054030738665e+00
2.043724523164315077e+00
1.846877886245669842e+00
1.997855112433074121e+00
1.653771720902087905e+00
1.458734253139514436e+00
1.209680024153833022e+00
5.352096136321681241e-01
1.803967958605156241e+00
1.515212471782497294e+00
7.775658068428114023e-01
1.257279623847431971e+00
1.120000132748150135e+00
2.472301341370239658e-01
8.726731587240548205e-01
1.907901003366523573e+00
6.031963803028977944e-01
1.052528441633345357e+00
7.998082206291234897e-01
9.608086047574859734e-01
1.466266076712155197e-01
6.261595138048499098e-01
9.338624483574682333e-01
4.616852282598452595e-01
8.055574556646365458e-01
1.018896165866781445e+00
8.208277345600771824e-01
5.634277623902151921e-01
1.333578175573173930e+00
