7.027077083835960636e+00
5.360269754918731699e+00
4.237023984887732020e+00
3.575402889936822870e+00
3.303415320405543643e+00
2.694979944642676983e+00
3.087163793702850878e+00
2.758140467882108648e+00
2.096868921344926306e+00
2.429119016742463888e+00
2.319745856425345476e+00
1.258837610533646567e-01
6.803582914229642231e-01
2.020889408119309394e+00
1.546737481037713469e+00
2.186195238758104065e+00
2.252497368405312894e+00
1.077775086102612745e+00
1.123473873266025436e+00
1.099155680515054190e+00
1.682935102155596274e+00
2.068943390695892504e+00
1.428591493138107182e+00
9.384231872394120932e-01
1.993150836348837496e+00
1.317942391540884772e+00
9.826232298763089013e-01
1.641172795317393573e+00
1.507349130506399737e+00
8.206398676968832406e-01
8.771714665518802745e-01
7.635708801666535317e-01
1.782605302150269910e+00
7.510529359461449728e-01
1.048594262486120865e+00
1.926926578332874840e-01
1.263109598363483466e+00
1.572022597728234938e+00
4.873017588227582242e-01
1.566271008534348086e+00
1.067413534088425875e+00
9.425342064416117882e-01
3.974758625817110813e-01
1.492433081637776882e+00
1.102225607626618586e+00
3.294406183234812047e-01
1.155848904055001736e+00
9.645504589950800733e-01
1.198819542551613049e+00
5.887233834342225913e-01
