1.982990996998999611e+00
1.951035345115038400e+00
1.951035345115038400e+00
1.940383461153717848e+00
1.940383461153717848e+00
1.940383461153717848e+00
1.940383461153717848e+00
1.929731577192397518e+00
1.929731577192397518e+00
1.929731577192397518e+00
1.929731577192397518e+00
1.929731577192397518e+00
1.929731577192397518e+00
1.929731577192397518e+00
1.929731577192397518e+00
1.929731577192397518e+00
1.929731577192397518e+00
1.929731577192397518e+00
1.929731577192397518e+00
1.929731577192397518e+00
1.929731577192397518e+00
1.929731577192397518e+00
1.929731577192397518e+00
1.929731577192397518e+00
1.929731577192397518e+00
1.929731577192397518e+00
1.929731577192397518e+00
1.929731577192397518e+00
1.929731577192397518e+00
1.929731577192397518e+00
1.929731577192397518e+00
1.929731577192397518e+00
1.929731577192397518e+00
1.929731577192397518e+00
1.929731577192397518e+00
1.929731577192397518e+00
1.929731577192397518e+00
1.929731577192397518e+00
1.929731577192397518e+00
1.929731577192397518e+00
1.929731577192397518e+00
1.929731577192397518e+00
1.929731577192397518e+00
1.929731577192397518e+00
1.929731577192397518e+00
1.929731577192397518e+00
1.929731577192397518e+00
1.929731577192397518e+00
1.929731577192397518e+00
1.929731577192397518e+00
