7.121146418924665156e+00
5.073780962019609930e+00
4.071806594138900337e+00
3.463330103725148934e+00
3.483073080278956013e+00
2.993201062344851504e+00
2.980363460257185348e+00
2.513033251069470619e+00
2.198912026873157899e+00
8.202527288606967781e-01
2.335794857993324758e+00
3.204651624928079201e+00
1.690838568479853032e+00
2.390047378132073241e+00
1.712462839496528888e+00
2.979597350456590910e+00
1.423961078359973875e+00
7.053486923454445057e-01
5.369401947786068829e-01
2.161916997192502965e+00
1.997014726111877581e+00
1.964902692551430796e+00
2.459159513540684294e+00
2.082305035258604331e+00
2.448323778352290425e+00
1.784626998519243335e+00
1.476873798805554028e+00
1.120884465394941243e+00
3.766187162753306672e-01
2.193639089274688647e+00
1.639574893163457947e+00
4.203734833254790249e-01
6.572630301300325106e-01
1.047201259399386020e+00
1.428166948313036033e-01
5.387691822101206007e-01
2.770377337290933717e+00
3.826593978430399279e-01
5.468453477883231661e-01
5.047949193099396936e-01
5.342683731996298313e-01
1.058992996734336861e-01
3.676241737639601159e-01
5.351392115571522723e-01
3.067612839190263507e-01
4.591698766461614345e-01
9.840652921776089634e-01
4.919488629395412094e-01
2.830062069668490832e-01
1.568293313855483984e+00
