1.488975138995922431e-02
1.195942078793506419e-01
1.195942078793506419e-01
1.195942078793506419e-01
1.223234356630204939e-01
1.169258734498838243e-01
1.299097461144415877e-01
1.260595354220743480e-01
1.151801412899668697e-01
1.260595354220743480e-01
1.251149464320224225e-01
9.054184766110093263e-02
9.472146369666209487e-02
1.251149464320224225e-01
1.143170737483418103e-01
1.390081634333271976e-01
1.487438015934857971e-01
9.191414859344970711e-02
9.122541772909517621e-02
1.092727949130070930e-01
1.260595354220743480e-01
1.579686623120921396e-01
1.186980648651900921e-01
9.330724885668877089e-02
1.640225200923672300e-01
1.186980648651900921e-01
8.852171697328883870e-02
1.400576430075186618e-01
1.318787280859750333e-01
9.260807921698668843e-02
9.260807921698668843e-02
8.720006588262949054e-02
1.741949433218213938e-01
9.191414859344970711e-02
1.143170737483418103e-01
9.054184766110093263e-02
1.270112558411487791e-01
1.591612892799205148e-01
8.852171697328883870e-02
1.652608522902233867e-01
8.335233402290874449e-02
8.720006588262949054e-02
9.122541772909517621e-02
1.652608522902233867e-01
1.241774354337870645e-01
8.919003552049688255e-02
1.299097461144415877e-01
1.178086368275829132e-01
7.848482637501222325e-02
8.720006588262949054e-02
