1.488975138995922431e-02
1.151801412899668697e-01
1.204971165665889021e-01
1.178086368275829132e-01
1.178086368275829132e-01
1.160497247924802827e-01
1.279701615298899919e-01
1.379665478168105863e-01
1.214068420061761300e-01
1.195942078793506419e-01
1.241774354337870645e-01
1.289363067354268588e-01
9.191414859344970711e-02
1.270112558411487791e-01
1.143170737483418103e-01
1.260595354220743480e-01
1.338775530070960840e-01
1.308905347362615545e-01
9.122541772909517621e-02
9.122541772909517621e-02
1.627934669621849129e-01
1.289363067354268588e-01
1.359066731935967831e-01
9.330724885668877089e-02
9.191414859344970711e-02
1.279701615298899919e-01
1.134604733422234640e-01
1.728896662157810848e-01
8.785840626891808225e-02
1.781702000463637192e-01
9.122541772909517621e-02
1.379665478168105863e-01
1.318787280859750333e-01
9.191414859344970711e-02
1.348882976558524460e-01
1.400576430075186618e-01
9.191414859344970711e-02
8.720006588262949054e-02
1.728896662157810848e-01
1.652608522902233867e-01
8.785840626891808225e-02
1.741949433218213938e-01
8.398162492106651944e-02
1.665085336105744107e-01
1.808706434099183469e-01
1.348882976558524460e-01
1.443353950462658020e-01
8.589814736907284975e-02
1.741949433218213938e-01
8.149261266521452829e-02
