1.993642880960320163e+00
1.951035345115038400e+00
1.972339113037679281e+00
1.982990996998999611e+00
1.929731577192397518e+00
2.068206068689563359e+00
1.812560853617872558e+00
1.865820273424474873e+00
2.121465488496165452e+00
1.887124041347115755e+00
1.887124041347115755e+00
3.016223741247082923e+00
2.867097365788596530e+00
1.908427809269756636e+00
2.153421140380126886e+00
1.706042014004668372e+00
1.610175058352784294e+00
2.994919973324441820e+00
3.016223741247082923e+00
2.387762587529176805e+00
1.887124041347115755e+00
1.535611870623541320e+00
2.025598532844281596e+00
2.941660553517839727e+00
1.493004334778259556e+00
2.036250416805601926e+00
3.122742580860287109e+00
1.706042014004668372e+00
1.812560853617872558e+00
2.962964321440480386e+00
2.952312437479160057e+00
3.165350116705568873e+00
1.429093031010336690e+00
2.973616205401800716e+00
2.132117372457486226e+00
3.026875625208403253e+00
1.876472157385795425e+00
1.535611870623541320e+00
3.090786928976325676e+00
1.493004334778259556e+00
3.303824608202734492e+00
3.165350116705568873e+00
2.994919973324441820e+00
1.493004334778259556e+00
1.929731577192397518e+00
3.069483161053685016e+00
1.833864621540513662e+00
2.046902300766922700e+00
3.516862287429143308e+00
3.176002000666889202e+00
