1.972339113037679281e+00
1.929731577192397518e+00
1.929731577192397518e+00
1.908427809269756636e+00
1.951035345115038400e+00
1.791257085695231899e+00
2.078857952650884133e+00
2.014946648882961266e+00
1.727345781927309032e+00
1.982990996998999611e+00
1.982990996998999611e+00
9.923657885961988390e-01
1.088232744248082584e+00
1.961687229076358951e+00
1.695390130043347821e+00
2.196028676225408649e+00
2.313199399799933609e+00
9.923657885961988390e-01
9.817139046348783982e-01
1.461048682894298123e+00
1.982990996998999611e+00
2.409066355451817465e+00
1.823212737579193110e+00
1.024321440480160161e+00
2.462325775258419558e+00
1.801908969656552228e+00
9.178026008669557534e-01
2.185376792264088319e+00
2.068206068689563359e+00
1.024321440480160161e+00
1.024321440480160161e+00
8.964988329443148718e-01
2.547540846948983084e+00
1.013669556518839610e+00
1.706042014004668372e+00
9.817139046348783982e-01
1.982990996998999611e+00
2.409066355451817465e+00
9.391063687895966350e-01
2.462325775258419558e+00
8.112837612537513454e-01
8.964988329443148718e-01
9.923657885961988390e-01
2.462325775258419558e+00
1.929731577192397518e+00
9.604101367122375166e-01
2.036250416805601926e+00
1.791257085695231899e+00
6.941130376792264967e-01
8.964988329443148718e-01
