1.984670967096709537e+00
1.863267826782678105e+00
1.952722772277227570e+00
1.840904090409040794e+00
1.840904090409040794e+00
1.773812881288128640e+00
2.038982898289829038e+00
2.205113511351135092e+00
1.911190119011900945e+00
1.860073007300729886e+00
1.952722772277227570e+00
2.042177717771777257e+00
1.010251025102510303e+00
2.010229522952295067e+00
1.690747574757475613e+00
1.975086508650864880e+00
2.112463746374637630e+00
2.074125912591259002e+00
9.974717471747174269e-01
9.846924692469246621e-01
2.457504250425042613e+00
2.026203620362036162e+00
2.138022302230222937e+00
1.064562956295629359e+00
1.010251025102510303e+00
2.007034703470346848e+00
1.668383838383838302e+00
2.530985098509851206e+00
9.080168016801680730e-01
2.578907390739074046e+00
9.910821082108211000e-01
2.160386038603860470e+00
2.070931093109310783e+00
1.016640664066406519e+00
2.106074107410741192e+00
2.189139413941393997e+00
1.013445844584458300e+00
8.856530653065306513e-01
2.527790279027902987e+00
2.457504250425042613e+00
9.048219821982198541e-01
2.543764376437643637e+00
8.185618561856186082e-01
2.460699069906990832e+00
2.601271127112711135e+00
2.106074107410741192e+00
2.230672067206720843e+00
8.600945094509451216e-01
2.537374737473747643e+00
7.546654665466546730e-01
