7.036185884782206301e+00
5.189029344785311970e+00
4.268699822803854182e+00
3.713105712031649297e+00
3.319461108139829086e+00
3.029572701235252019e+00
2.806035982441215104e+00
2.622931988172875872e+00
2.472520036221605100e+00
2.341517819700724257e+00
2.236568865351470592e+00
2.138975556837171332e+00
2.056740833686012238e+00
1.979410621712081930e+00
1.913147047615662011e+00
1.852443726442237537e+00
1.796785230442391690e+00
1.745235558715885871e+00
1.698464794758751450e+00
1.345446164288874868e+00
1.614423687610712976e+00
1.578117435687451442e+00
1.542922179847583175e+00
1.510367529464795577e+00
1.479538507438389106e+00
1.450426251848029535e+00
5.389495664688211951e-01
1.397463651439025067e+00
1.373666536929901927e+00
1.350178933518312308e+00
1.328313553298280825e+00
1.307242253401504684e+00
1.287020846070988433e+00
1.268172875869469474e+00
1.249628656075077782e+00
1.232238218572434540e+00
1.434544894212268495e+00
1.198659566359551620e+00
1.183520812838140257e+00
1.168610276204207210e+00
1.154234652771360947e+00
1.140408970232554831e+00
1.127127333978081847e+00
1.113821626202163850e+00
1.101607102829927909e+00
1.089685170492753929e+00
1.077848460254041019e+00
1.066601460756727793e+00
1.055642655424714249e+00
1.044917466441411147e+00
