1.488975138995922431e-02
1.195942078793506419e-01
1.232469493905781616e-01
1.251149464320224225e-01
1.204971165665889021e-01
1.223234356630204939e-01
1.178086368275829132e-01
1.251149464320224225e-01
1.289363067354268588e-01
1.863949385999691954e-01
1.214068420061761300e-01
1.052396782453447199e-01
1.328743820675699072e-01
1.143170737483418103e-01
1.289363067354268588e-01
1.028916158952737636e-01
1.359066731935967831e-01
2.480626718373460660e-01
2.654361005224096237e-01
1.109289921545384972e-01
1.143170737483418103e-01
1.134604733422234640e-01
1.036684238651843226e-01
1.092727949130070930e-01
1.028916158952737636e-01
1.134604733422234640e-01
1.223234356630204939e-01
1.359066731935967831e-01
2.462038892559580139e-01
1.036684238651843226e-01
1.143170737483418103e-01
2.818980372940757539e-01
3.016411748290905859e-01
1.348882976558524460e-01
2.537236444552913861e-01
2.776892299958975130e-01
9.054184766110093263e-02
2.518224430882874398e-01
3.016411748290905859e-01
2.556391994541382662e-01
2.927012599164552920e-01
2.595138046319440672e-01
2.634471354094072848e-01
2.818980372940757539e-01
2.735432612298469568e-01
2.797857196383452538e-01
1.289363067354268588e-01
2.905079915804608115e-01
2.735432612298469568e-01
1.068347474018383481e-01
