1.488975138995922431e-02
1.195942078793506419e-01
1.204971165665889021e-01
1.214068420061761300e-01
1.214068420061761300e-01
1.223234356630204939e-01
1.223234356630204939e-01
1.223234356630204939e-01
1.232469493905781616e-01
1.232469493905781616e-01
1.232469493905781616e-01
1.232469493905781616e-01
1.232469493905781616e-01
1.232469493905781616e-01
1.232469493905781616e-01
1.232469493905781616e-01
1.232469493905781616e-01
1.232469493905781616e-01
1.232469493905781616e-01
1.348882976558524460e-01
1.232469493905781616e-01
1.232469493905781616e-01
1.232469493905781616e-01
1.232469493905781616e-01
1.241774354337870645e-01
1.241774354337870645e-01
1.627934669621849129e-01
1.241774354337870645e-01
1.241774354337870645e-01
1.241774354337870645e-01
1.241774354337870645e-01
1.241774354337870645e-01
1.241774354337870645e-01
1.241774354337870645e-01
1.241774354337870645e-01
1.241774354337870645e-01
1.160497247924802827e-01
1.241774354337870645e-01
1.241774354337870645e-01
1.241774354337870645e-01
1.241774354337870645e-01
1.241774354337870645e-01
1.241774354337870645e-01
1.241774354337870645e-01
1.241774354337870645e-01
1.241774354337870645e-01
1.241774354337870645e-01
1.241774354337870645e-01
1.241774354337870645e-01
1.241774354337870645e-01
