7.060946016299107342e+00
5.193022681746304769e+00
4.271413070909479082e+00
3.707781129619968752e+00
3.318694939494839069e+00
3.029955667773386097e+00
2.804846839307897355e+00
2.623054860780690944e+00
2.472410235789670896e+00
2.344936389917970043e+00
2.235257199543435824e+00
2.139578164621873668e+00
2.055190626955404998e+00
1.980013901818995503e+00
1.912532202308532492e+00
1.851468285353445875e+00
1.795903459041717332e+00
1.745042967611194928e+00
1.698261264704752360e+00
1.655040698022312240e+00
1.614967372789114730e+00
1.577658631531533739e+00
1.542825786926885767e+00
1.510186476898150332e+00
1.479555323389990074e+00
1.450699909071552218e+00
1.423479445791705489e+00
1.397736961101595510e+00
1.373329024392029307e+00
1.350162809312746015e+00
1.328125432896400726e+00
1.307133259651925616e+00
1.287115519848746947e+00
1.267976622588025348e+00
1.249672485648182674e+00
1.232135179616055343e+00
1.215317582166435040e+00
1.199169192734711897e+00
1.183644353066652721e+00
1.168708203155018888e+00
1.154328626296228899e+00
1.140467561752994907e+00
1.127085626656224804e+00
1.114167826716211618e+00
1.101683088946767697e+00
1.089614081133253087e+00
1.077925581373342823e+00
1.066608473056936068e+00
1.055638811085223727e+00
1.045002138152619553e+00
