1.500216557890033178e-02
1.204971165665889021e-01
1.214068420061761300e-01
1.223234356630204939e-01
1.214068420061761300e-01
1.232469493905781616e-01
1.223234356630204939e-01
1.232469493905781616e-01
1.232469493905781616e-01
1.232469493905781616e-01
1.232469493905781616e-01
1.232469493905781616e-01
1.232469493905781616e-01
1.232469493905781616e-01
1.232469493905781616e-01
1.241774354337870645e-01
1.232469493905781616e-01
1.251149464320224225e-01
1.251149464320224225e-01
1.232469493905781616e-01
1.241774354337870645e-01
1.308905347362615545e-01
1.241774354337870645e-01
1.260595354220743480e-01
1.251149464320224225e-01
1.251149464320224225e-01
1.232469493905781616e-01
1.232469493905781616e-01
1.232469493905781616e-01
1.260595354220743480e-01
1.260595354220743480e-01
1.232469493905781616e-01
1.169258734498838243e-01
1.260595354220743480e-01
1.241774354337870645e-01
1.260595354220743480e-01
1.241774354337870645e-01
1.232469493905781616e-01
1.232469493905781616e-01
1.241774354337870645e-01
1.270112558411487791e-01
1.223234356630204939e-01
1.223234356630204939e-01
2.232699658218270378e-01
1.241774354337870645e-01
1.260595354220743480e-01
1.289363067354268588e-01
1.223234356630204939e-01
1.214068420061761300e-01
1.214068420061761300e-01
