1.265858687279259875e+01
9.327368068448892657e+00
7.921434103141197447e+00
6.399591277270676670e+00
5.682363328259979696e+00
4.950137945620001645e+00
5.538778062972165905e+00
5.628465567583000428e+00
4.454400066687162152e+00
4.044723713415826261e+00
4.154278410758997175e+00
4.204010807154848095e+00
2.352030356303766445e-01
3.813147653259941983e+00
2.880966167805568912e+00
3.508803560832819191e+00
3.701416990730214351e+00
3.521499260425570377e+00
2.052087627099990375e+00
9.176996576635436664e-01
3.949976291284103436e+00
3.078511054268654235e+00
3.230573890536236004e+00
6.494343605632370009e-01
1.821327650929696285e+00
2.807130949982132861e+00
2.108440371041143901e+00
3.525882946620632286e+00
1.968018319521424475e+00
3.451916514967576344e+00
1.385637321375023379e-01
2.767607393965485052e+00
2.589751012234118299e+00
7.695310228375369654e-02
2.566940057460195046e+00
2.640906391908047990e+00
3.745802075448336765e-01
1.682239733545397575e+00
2.970941381760374700e+00
2.865409112355354448e+00
1.272522983062179147e+00
2.877926192096095015e+00
1.754369295208746848e+00
2.730895138186649085e+00
2.836189315269239675e+00
2.232339951336281825e+00
2.367949586352919855e+00
1.365558912278590942e+00
2.661147029224963934e+00
1.921827814118606481e+00
