7.061214661710269347e+00
5.193065055107931371e+00
4.271401551812316733e+00
3.707776642452197180e+00
3.318720808067153971e+00
3.029967855953869638e+00
2.804847254747495633e+00
2.623075520686478868e+00
2.472407211785606851e+00
2.344937297025452505e+00
2.235253335333485580e+00
2.139583956731511805e+00
2.055211170156958200e+00
1.980044469692447739e+00
1.912539892538591024e+00
1.851469767258284937e+00
1.795903255763831252e+00
1.745041311437029119e+00
1.698255186807284600e+00
1.655046461068943930e+00
1.614972037359572177e+00
1.577658836333465597e+00
1.542812963332215626e+00
1.510185817330275571e+00
1.479556132980614613e+00
1.450702576813647671e+00
1.423480248915235835e+00
1.397724090130504804e+00
1.373325966913766516e+00
1.350158029845117236e+00
1.328123987356045088e+00
1.307132888344233024e+00
1.287116136617479478e+00
1.267976427782388393e+00
1.249666898159475403e+00
1.232133350833157559e+00
1.215314681717696077e+00
1.199165197385035020e+00
1.183648772146780326e+00
1.168707382700078456e+00
1.154326826823120156e+00
1.140462784346033098e+00
1.127086077521407104e+00
1.114167749842266630e+00
1.101683769358622778e+00
1.089610701981688079e+00
1.077926806109327895e+00
1.066606931331512520e+00
1.055640678660977549e+00
1.045003060305588427e+00
