1.488975138995922431e-02
1.204971165665889021e-01
1.214068420061761300e-01
1.232469493905781616e-01
1.214068420061761300e-01
1.299097461144415877e-01
1.160497247924802827e-01
1.186980648651900921e-01
1.348882976558524460e-01
1.204971165665889021e-01
1.204971165665889021e-01
2.595138046319440672e-01
2.389070014144513143e-01
1.214068420061761300e-01
1.390081634333271976e-01
1.109289921545384972e-01
1.076413251052112247e-01
2.575692164514381544e-01
2.595138046319440672e-01
1.544441335920273273e-01
1.204971165665889021e-01
1.044510965561109284e-01
1.299097461144415877e-01
2.518224430882874398e-01
1.028916158952737636e-01
1.318787280859750333e-01
2.756084497643039311e-01
1.117664804615304264e-01
1.169258734498838243e-01
2.518224430882874398e-01
2.518224430882874398e-01
2.797857196383452538e-01
1.013554186657427830e-01
2.556391994541382662e-01
1.390081634333271976e-01
2.634471354094072848e-01
1.204971165665889021e-01
1.044510965561109284e-01
2.694591928011241810e-01
1.036684238651843226e-01
2.949110869225486375e-01
2.797857196383452538e-01
2.614730740047284674e-01
1.036684238651843226e-01
1.241774354337870645e-01
2.674400818632960974e-01
1.186980648651900921e-01
1.328743820675699072e-01
3.227670516107782328e-01
2.797857196383452538e-01
