1.975086508650864880e+00
2.054956995699570133e+00
1.946333133313331132e+00
2.029398439843984381e+00
2.029398439843984381e+00
2.086905190519051878e+00
1.840904090409040794e+00
1.703526852685268489e+00
1.955917591759175789e+00
2.003839883988398629e+00
1.914384938493849164e+00
1.834514451445144356e+00
2.984649464946494746e+00
1.866462646264626324e+00
2.153996399639964032e+00
1.888826382638263635e+00
1.770618061806180421e+00
1.805761076107610608e+00
3.007013201320131834e+00
3.013402840284028272e+00
1.495863586358635811e+00
1.847293729372937232e+00
1.751449144914491329e+00
2.907973797379737935e+00
2.975065006500650089e+00
1.856878187818781667e+00
2.173165316531653346e+00
1.438356835683568313e+00
3.134805980598059705e+00
1.403213821382138127e+00
3.010208020802080053e+00
1.729085408540854019e+00
1.805761076107610608e+00
2.981454645464546527e+00
1.770618061806180421e+00
1.706721672167216486e+00
2.975065006500650089e+00
3.166754175417541894e+00
1.444746474647464529e+00
1.499058405840584030e+00
3.138000800080007924e+00
1.431967196719671875e+00
3.284962496249625108e+00
1.489473947394739373e+00
1.396824182418241689e+00
1.773812881288128640e+00
1.671578657865786521e+00
3.211481648164816516e+00
1.438356835683568313e+00
3.384001900190019008e+00
