5.507761931419372559e+01
1.066392481327056885e+02
1.568434069156646729e+02
2.078317162990570068e+02
2.568339834213256836e+02
3.078778810501098633e+02
3.593719155788421631e+02
4.097437472343444824e+02
4.606402218341827393e+02
5.090790872573852539e+02
5.580518822669982910e+02
6.108260979652404785e+02
6.664965243339538574e+02
7.167814824581146240e+02
7.687780168056488037e+02
8.193537640571594238e+02
8.721102483272552490e+02
9.204317517280578613e+02
9.718203101158142090e+02
1.022647823572158813e+03
1.073594871997833252e+03
1.123874841690063477e+03
1.171759564876556396e+03
1.228775977134704590e+03
1.280284425020217896e+03
1.352353047847747803e+03
1.379105661392211914e+03
1.430608159065246582e+03
1.482113656759262085e+03
1.530132925271987915e+03
1.588257699728012085e+03
1.649246229171752930e+03
1.679478228569030762e+03
1.737731473684310913e+03
1.810574259996414185e+03
1.834215237855911255e+03
1.887838228702545166e+03
1.940859149456024170e+03
1.984590992689132690e+03
2.039403914451599121e+03
2.091072724103927612e+03
2.139971601247787476e+03
2.169176256179809570e+03
2.232599335670471191e+03
2.296033094882965088e+03
2.339662915468215942e+03
2.395956104516983032e+03
2.446275210142135620e+03
2.511977264642715454e+03
2.553786756038665771e+03
