9.137457609176635742e+00
1.796317338943481445e+01
2.664540743827819824e+01
3.346964383125305176e+01
4.200891351699829102e+01
4.975405573844909668e+01
5.836584854125976562e+01
6.669782400131225586e+01
7.112304019927978516e+01
7.584836578369140625e+01
9.017041397094726562e+01
9.991212892532348633e+01
1.017457351684570312e+02
1.082106626033782959e+02
1.199256145954132080e+02
1.269343600273132324e+02
1.358216681480407715e+02
1.521951928138732910e+02
1.549561414718627930e+02
1.656296622753143311e+02
1.761641969680786133e+02
1.826013975143432617e+02
1.918823723793029785e+02
1.909053850173950195e+02
1.879831418991088867e+02
1.966169719696044922e+02
2.051623394489288330e+02
2.202242772579193115e+02
2.324816131591796875e+02
2.377688283920288086e+02
2.487210958003997803e+02
2.567957074642181396e+02
2.650923743247985840e+02
2.728199048042297363e+02
2.814477257728576660e+02
2.829383773803710938e+02
2.860193357467651367e+02
2.883883814811706543e+02
3.010088901519775391e+02
3.105435137748718262e+02
3.156242661476135254e+02
3.231165916919708252e+02
3.313353562355041504e+02
3.403513872623443604e+02
3.553094322681427002e+02
3.644165225028991699e+02
3.850575609207153320e+02
3.843017010688781738e+02
3.891346561908721924e+02
3.980247280597686768e+02
