2.014946648882961266e+00
1.951035345115038400e+00
1.876472157385795425e+00
1.865820273424474873e+00
1.972339113037679281e+00
1.929731577192397518e+00
2.025598532844281596e+00
1.887124041347115755e+00
1.823212737579193110e+00
1.162795931977325781e+00
1.972339113037679281e+00
2.387762587529176805e+00
1.769953317772590795e+00
2.110813604534845123e+00
1.833864621540513662e+00
2.472977659219740332e+00
1.737997665888629584e+00
1.034973324441480491e+00
9.604101367122375166e-01
2.206680560186728979e+00
2.132117372457486226e+00
2.153421140380126886e+00
2.430370123374458569e+00
2.259939979993331516e+00
2.472977659219740332e+00
2.132117372457486226e+00
1.961687229076358951e+00
1.748649549849950136e+00
1.056277092364121373e+00
2.441022007335778898e+00
2.132117372457486226e+00
8.858469489829944310e-01
7.899799933311104638e-01
1.769953317772590795e+00
1.024321440480160161e+00
8.964988329443148718e-01
2.994919973324441820e+00
1.034973324441480491e+00
7.899799933311104638e-01
1.003017672557519280e+00
8.325875291763922270e-01
9.923657885961988390e-01
9.710620206735579574e-01
8.751950650216739902e-01
9.284544848282761942e-01
8.964988329443148718e-01
1.855168389463154321e+00
8.432394131377126678e-01
9.178026008669557534e-01
2.345155051683895042e+00
