1.488975138995922431e-02
1.186980648651900921e-01
1.186980648651900921e-01
1.195942078793506419e-01
1.232469493905781616e-01
1.214068420061761300e-01
1.270112558411487791e-01
1.204971165665889021e-01
1.186980648651900921e-01
1.028916158952737636e-01
1.251149464320224225e-01
1.532868532031960718e-01
1.160497247924802827e-01
1.338775530070960840e-01
1.186980648651900921e-01
1.640225200923672300e-01
1.160497247924802827e-01
9.401169706591974706e-02
8.919003552049688255e-02
1.400576430075186618e-01
1.359066731935967831e-01
1.359066731935967831e-01
1.603629203062981456e-01
1.454250939905049056e-01
1.652608522902233867e-01
1.359066731935967831e-01
1.260595354220743480e-01
1.160497247924802827e-01
9.330724885668877089e-02
1.627934669621849129e-01
1.359066731935967831e-01
8.654665857084815894e-02
8.210786309603300415e-02
1.169258734498838243e-01
9.260807921698668843e-02
8.852171697328883870e-02
2.300892548729362719e-01
9.260807921698668843e-02
8.210786309603300415e-02
9.191414859344970711e-02
8.461566682037077736e-02
9.122541772909517621e-02
9.054184766110093263e-02
8.654665857084815894e-02
8.852171697328883870e-02
8.720006588262949054e-02
1.204971165665889021e-01
8.589814736907284975e-02
8.785840626891808225e-02
1.544441335920273273e-01
