1.488975138995922431e-02
1.204971165665889021e-01
1.204971165665889021e-01
1.260595354220743480e-01
1.260595354220743480e-01
1.308905347362615545e-01
1.178086368275829132e-01
1.109289921545384972e-01
1.241774354337870645e-01
1.270112558411487791e-01
1.223234356630204939e-01
1.178086368275829132e-01
2.575692164514381544e-01
1.195942078793506419e-01
1.390081634333271976e-01
1.214068420061761300e-01
1.143170737483418103e-01
1.160497247924802827e-01
2.556391994541382662e-01
2.614730740047284674e-01
1.028916158952737636e-01
1.186980648651900921e-01
1.134604733422234640e-01
2.443590348994789663e-01
2.537236444552913861e-01
1.195942078793506419e-01
1.421804319614308476e-01
1.013554186657427830e-01
2.756084497643039311e-01
1.005959425005069213e-01
2.614730740047284674e-01
1.126102916120884923e-01
1.169258734498838243e-01
2.556391994541382662e-01
1.151801412899668697e-01
1.117664804615304264e-01
2.556391994541382662e-01
2.818980372940757539e-01
1.013554186657427830e-01
1.036684238651843226e-01
2.776892299958975130e-01
1.013554186657427830e-01
2.949110869225486375e-01
1.036684238651843226e-01
9.984215724013989490e-02
1.151801412899668697e-01
1.100977793127974891e-01
2.861706355389661005e-01
1.013554186657427830e-01
3.085248482915452506e-01
