6.894862710419737972e+00
5.127131991260119648e+00
4.222129424034868350e+00
3.468765912885850344e+00
3.276634183690728452e+00
2.593245865055768373e+00
3.169417513775597328e+00
2.871164040219708280e+00
1.917168641521964867e+00
2.461392067153005847e+00
2.360537344883750777e+00
6.513458286679585374e-02
4.381508788554933087e-01
2.062622207340822911e+00
1.411986513366943585e+00
2.418415583785042511e+00
2.592929524756862669e+00
6.758651210810279197e-01
6.819674960656352258e-01
8.882495374559301604e-01
1.714044414910812497e+00
2.470072009016179848e+00
1.368307291816772242e+00
6.082323607154745959e-01
2.433667797124840160e+00
1.254714077623512614e+00
5.701422927342444380e-01
1.818232326706587410e+00
1.589031533668297858e+00
5.162575492940115751e-01
5.539703410027959629e-01
4.522664597490973493e-01
2.233284823988887613e+00
4.679411855411355070e-01
9.522225916744527785e-01
6.648258871509657442e-02
1.292405219416886686e+00
1.890322168176126194e+00
2.424051653419306840e-01
1.921065330487659484e+00
5.766698008940855935e-01
5.366767922618340680e-01
3.141839344820105406e-01
1.838379040489161342e+00
1.102122814604153733e+00
1.863125491771107645e-01
1.214560259946860787e+00
9.117152349444905823e-01
5.916390373694184746e-01
3.055355185264762019e-01
