1.992996666666666528e+00
1.971699999999999786e+00
1.961051666666666415e+00
1.950403333333333045e+00
1.971699999999999786e+00
1.939754999999999896e+00
1.950403333333333045e+00
1.939754999999999896e+00
1.939754999999999896e+00
1.939754999999999896e+00
1.939754999999999896e+00
1.939754999999999896e+00
1.939754999999999896e+00
1.939754999999999896e+00
1.939754999999999896e+00
1.918458333333333155e+00
1.939754999999999896e+00
1.918458333333333155e+00
1.918458333333333155e+00
1.950403333333333045e+00
1.929106666666666525e+00
1.811974999999999891e+00
1.929106666666666525e+00
1.907809999999999784e+00
1.907809999999999784e+00
1.907809999999999784e+00
1.950403333333333045e+00
1.939754999999999896e+00
1.950403333333333045e+00
1.897161666666666413e+00
1.897161666666666413e+00
1.950403333333333045e+00
2.067534999999999901e+00
1.897161666666666413e+00
1.929106666666666525e+00
1.897161666666666413e+00
1.929106666666666525e+00
1.950403333333333045e+00
1.950403333333333045e+00
1.929106666666666525e+00
1.875864999999999894e+00
1.961051666666666415e+00
1.961051666666666415e+00
1.162426666666666497e+00
1.929106666666666525e+00
1.897161666666666413e+00
1.854568333333333152e+00
1.961051666666666415e+00
1.971699999999999786e+00
1.971699999999999786e+00
