1.993642880960320163e+00
1.972339113037679281e+00
2.004294764921640937e+00
1.993642880960320163e+00
1.908427809269756636e+00
1.951035345115038400e+00
1.844516505501833992e+00
1.982990996998999611e+00
2.025598532844281596e+00
2.760578526175392344e+00
1.897775925308436085e+00
1.556915638546181979e+00
2.089509836612204463e+00
1.769953317772590795e+00
2.025598532844281596e+00
1.482352450816939005e+00
2.110813604534845123e+00
2.920356785595198623e+00
3.069483161053685016e+00
1.695390130043347821e+00
1.748649549849950136e+00
1.748649549849950136e+00
1.514308102700900216e+00
1.652782594198066057e+00
1.482352450816939005e+00
1.759301433811270465e+00
1.897775925308436085e+00
2.100161720573524793e+00
2.920356785595198623e+00
1.503656218739579886e+00
1.759301433811270465e+00
3.186653884628209976e+00
3.357084028009337029e+00
2.078857952650884133e+00
2.952312437479160057e+00
3.122742580860287109e+00
1.109536512170723688e+00
2.952312437479160057e+00
3.357084028009337029e+00
2.973616205401800716e+00
3.261217072357452729e+00
3.005571857285762150e+00
3.037527509169723583e+00
3.186653884628209976e+00
3.101438812937646450e+00
3.165350116705568873e+00
2.004294764921640937e+00
3.218609536512170965e+00
3.133394464821607439e+00
1.578219406468823083e+00
