7.472728490829467773e+00
1.471975326538085938e+01
2.173166656494140625e+01
2.870937442779541016e+01
3.601803183555603027e+01
4.358128118515014648e+01
5.013721990585327148e+01
5.715341782569885254e+01
6.407509708404541016e+01
7.146881914138793945e+01
7.870209026336669922e+01
8.712153434753417969e+01
9.366301178932189941e+01
1.002444732189178467e+02
1.073513121604919434e+02
1.137719759941101074e+02
1.217060496807098389e+02
1.289100039005279541e+02
1.363835115432739258e+02
1.420783782005310059e+02
1.496271834373474121e+02
1.577035489082336426e+02
1.643105692863464355e+02
1.710431594848632812e+02
1.798684568405151367e+02
1.866250193119049072e+02
1.922468171119689941e+02
1.994067025184631348e+02
2.074351861476898193e+02
2.153182899951934814e+02
2.213157284259796143e+02
2.293121721744537354e+02
2.353835258483886719e+02
2.418364191055297852e+02
2.486546869277954102e+02
2.571931085586547852e+02
2.638844234943389893e+02
2.725587775707244873e+02
2.799558410644531250e+02
2.852264134883880615e+02
2.924835023880004883e+02
2.986821413040161133e+02
3.069792499542236328e+02
3.149659438133239746e+02
3.209670825004577637e+02
3.286539037227630615e+02
3.340849704742431641e+02
3.426137466430664062e+02
3.522768597602844238e+02
3.583098850250244141e+02
