8.782677173614501953e+00
1.556835627555847168e+01
2.287182044982910156e+01
3.042407107353210449e+01
3.769119000434875488e+01
4.516707634925842285e+01
5.288398909568786621e+01
6.075561380386352539e+01
6.768477272987365723e+01
7.986741685867309570e+01
8.634592032432556152e+01
1.050081973075866699e+02
1.083150424957275391e+02
1.216595978736877441e+02
1.180827422142028809e+02
1.303382019996643066e+02
1.386097331047058105e+02
1.497907223701477051e+02
1.566379106044769287e+02
1.710930013656616211e+02
1.698610093593597412e+02
1.697853910923004150e+02
1.753539433479309082e+02
1.856985669136047363e+02
1.925316135883331299e+02
1.994448587894439697e+02
2.060454163551330566e+02
2.134704184532165527e+02
2.207525868415832520e+02
2.314797630310058594e+02
2.360600147247314453e+02
2.387607877254486084e+02
2.461061828136444092e+02
2.539991459846496582e+02
2.658018052577972412e+02
2.825691225528717041e+02
2.837024540901184082e+02
2.812988326549530029e+02
2.990748834609985352e+02
3.307602500915527344e+02
3.183320152759552002e+02
3.362384374141693115e+02
3.188056652545928955e+02
3.352745478153228760e+02
3.525723440647125244e+02
3.565282227993011475e+02
3.785866293907165527e+02
3.827251713275909424e+02
3.902709844112396240e+02
3.954611914157867432e+02
