1.251614655600813286e+01
9.095263028963815444e+00
7.728178665573784301e+00
6.065004080410183462e+00
5.473891117243330662e+00
4.623616317877087489e+00
5.812365276158555361e+00
6.191002768225701836e+00
4.391164039230954330e+00
3.935391763554139999e+00
4.194906742999287452e+00
4.417844616724041273e+00
1.153644887571421279e-01
3.916412210001096739e+00
2.592328974567959410e+00
3.531554789473629885e+00
3.972337675056472506e+00
3.695867530259093314e+00
1.240246858573845756e+00
5.404690147748854034e-01
4.787634510200184046e+00
3.214595087845409260e+00
3.508485626423443637e+00
5.347662904077291612e-01
1.097195382891282156e+00
2.900815505122919635e+00
1.878828749769912543e+00
4.395690747466856507e+00
1.138857358757562110e+00
4.435542602728324013e+00
9.032775813686783062e-02
3.036331549202237134e+00
2.740605451091418399e+00
4.044348597705945542e-02
2.747209945402836251e+00
2.947635024546611415e+00
2.169956663883673420e-01
9.876532330560106043e-01
3.733072994189921001e+00
3.498183183544050667e+00
6.863219935495493695e-01
3.653763675229833030e+00
9.890360726903286714e-01
3.336904871873861644e+00
3.687430188315204749e+00
2.408733575608756450e+00
2.672272082376777824e+00
8.045868201254482432e-01
3.371810175524321274e+00
1.018671386561851522e+00
